Iteration    Primal/dual value     lower bound     upper bound     reduced cost
1 	     6.0 2.0 6.0 -2.0
2 6.0 2.0 6.0 -2.0
3 6.0 2.0 6.0 -2.0
4 6.0 2.0 6.0 -2.0
5 5.333333333333333 2.6666666666666665 5.333333333333333 -1.0
6 5.0 3.3333333333333335 5.0 -0.5
7 4.888888888888889 3.142857142857143 4.888888888888889 -0.5555555555555558
8 4.75 3.8 4.75 -0.25
9 4.6 3.8333333333333326 4.6 -0.20000000000000018
10 4.5 3.0 4.5 -0.5
11 4.5 3.0 4.5 -0.5
12 4.333333333333333 3.7142857142857144 4.333333333333333 -0.16666666666666652
13 4.333333333333333 3.714285714285714 4.333333333333333 -0.16666666666666674
14 4.2727272727272725 3.9166666666666665 4.2727272727272725 -0.09090909090909083
15 4.2727272727272725 3.9166666666666665 4.2727272727272725 -0.09090909090909083
16 4.25 4.25 4.25 0.0

[0.0, 0.0, 1.0, -0.0, 1.0, 1.0, 0.0, 0.0, 0.0, 0.0, 0.0, 0.0, 0.0, 1.0, 0.0, 0.0, 0.0, 0.0, 0.0, 1.0, 0.0]
Objective value: 5.0

A: [0.0 0.0 0.0 0.0 0.0 1.0 0.0 1.0 0.0 0.0 0.0 0.0 1.0 0.0 0.0 0.0 0.0 1.0 1.0 0.0 0.0; 0.0 1.0 0.0 0.0 0.0 0.0 1.0 0.0 0.0 0.0 1.0 0.0 0.0 1.0 1.0 0.0 0.0 0.0 0.0 0.0 1.0; 0.0 1.0 0.0 0.0 0.0 0.0 0.0 0.0 1.0 1.0 1.0000000000000002 0.0 1.0 0.0 0.0 0.0 0.0 0.0 0.0 1.0 0.0; 0.0 0.0 1.0 0.0 0.0 0.0 1.0 0.0 1.0 0.0 0.0 1.0 0.0 0.0 0.0 0.0 1.0 -0.0 1.0 0.0 1.0; 0.0 0.0 1.0 0.0 0.0 0.0 0.0 1.0 0.0 1.0 0.0 0.0 0.0 0.0 0.0 1.0 0.0 0.0 0.0 0.0 0.0; 0.0 0.0 0.0 0.0 1.0 0.0 1.0 0.0 0.0 1.0 0.0 0.0 0.0 0.0 0.0 -0.0 0.0 0.0 0.0 -0.0 0.0; 0.0 0.0 0.0 0.0 1.0 0.0 0.0 1.0 1.0 0.0 0.0 0.0 0.0 0.0 0.0 0.0 0.0 0.0 0.0 0.0 0.0; 0.0 0.0 0.0 0.0 0.0 1.0 0.0 0.0 0.0 0.0 1.0 1.0 0.0 0.0 0.0 1.0 0.0 0.0 1.0 0.0 1.0; 0.0 0.0 0.0 1.0 0.0 0.0 0.0 0.0 0.0 0.0 0.0 0.0 1.0 1.0 0.0 0.0 1.0 0.0 0.0 0.0 0.0; 1.0 0.0 0.0 0.0 0.0 0.0 0.0 0.0 0.0 0.0 0.0 0.0 0.0 0.0 1.0000000000000002 0.0 0.0 1.0 0.0 1.0 -0.0]
